6313598381
6942431582
7808512496
5285083290
8005059877
7486257431
7443866530
7227663176
7862093870
6831111499
7717985382
7539424310
6022638111
8084873055
6923839004
7482538922
5311193014
7318577872
7754029349
6396248413
5740882762
5919377645
7859468248
5814428228
1088890907
6741127497
5848044058
1130172315
6523704658
8100105911
7993557375
7834918063
7398904954
6525372645
7932522178
923191582
6824789785
5085888696
6749949462
7139506121
7950300311
5300810950
7539655642
7255297049
7900599038
7874374054
8024615689
6476069622
7072617816
7615762139
8004440025
7733791940
7833891615
7502357600
7049456831
5008338540
2051593883
7717652102
7816720350
6709253655
7361972443
7726375391
6884647627
6435775551
7386283214
1598800022
6678262589
8099664754
785777657
5029980186
7485652051
7635015411
5027043051
6855131717
6524720166
7800098171
7651925045
6993261089
6172345454
7576471351
8074821112
7944037881
8182699790
7024903436
7845803198
6464294785
6486353238
6006277324
7268693498
8011094012
7332166909
6752603345
5150268951
6361744094
7496680696
6827346534
6404277614
5875677175
7308730679
5734021275
7359971080
8171651735
7758602146
5088036593
6459790671
7548941370
7461280085
8135714151
5946942502
7485499303
8147576616
5686620506
7268929489
5879579292
5629267061
6108912495
8115281146
7587164881
7843632557
6722896152
8117584769
1073941088
7603992263
7903180204
6865340481
6913182076
6362808540
7579460327
8173250823
1299475787
6401272476
1783540043
7580141320
8121248990
5842557531
6929013598
7607638336
6352001318
7867647669
6477070439
6809181305
6922482696
7826922676
7929602106
6462734077
7543258667
